Iowa ,Alexander City Outlook,http://www.alexcityoutlook.com/
Iowa ,Andalusia Star News,http://www.andalusiastarnews.com
Iowa ,Athens News-Courier,http://www.enewscourier.com/
Iowa ,Atmore Advance,http://www.atmoreadvance.com/
Iowa ,Auburn Plainsman,http://www.theplainsman.com/
Iowa ,Birmingham Business Journal,http://www.amcity.com/birmingham/
Iowa ,Birmingham News,http://www.al.com/news/birminghamnews/
Iowa ,Birmingham Times,http://www.thebirminghamtimes.com/news/default.asp
Iowa ,Brewton Standard,http://www.brewtonstandard.com/
Iowa ,Carrollton Pickens County Herald,http://theherald.pickens.net/
Iowa ,Centre Post Online,http://www.postpaper.com/
Iowa ,Cherokee County Herald,http://news.mywebpal.com/index.cfm?pnpid=726
Iowa ,Citronelle Call News,http://www.thecallnews.com/
Iowa ,Clanton Advertiser,http://www.clantonadvertiser.com
Iowa ,Clarke County Democrat,http://www.clarkecountydemocrat.com/
Iowa ,Clay News,http://www.claynews.net/
Iowa ,Cleburne News,http://www.cleburnenews.com/
Iowa ,Crimson White,http://www.cw.ua.edu/
Iowa ,Cullman Times,http://www.cullmantimes.com/
Iowa ,Daleville Sun-Courier,http://www.southeastsun.com
Iowa ,Decatur Daily,http://www.decaturdaily.com/
Iowa ,Deep South Jewish Voice,http://www.deepsouthjewishvoice.com/
Iowa ,Demopolis Times,http://www.demopolistimes.com/
Iowa ,Dothan Eagle,http://www.dothaneagle.com/
Iowa ,Dothan Southeast Sun,http://www.southeastsun.com/
Iowa ,Eclectic Observer, http://www.TheEclecticObserver.com
Iowa ,Enterprise Ledger,http://www.eprisenow.com/
Iowa ,Eufaula Tribune,http://www.eufaulatribune.com/
Iowa ,Florence Times Daily,http://www.timesdaily.com/
Iowa ,Fort Payne Times Journal,http://www.times-journal.com/
Iowa ,Franklin County Times,http://www.franklincountytimes.com/
Iowa ,Ft. Rucker Army Flier,http://www.armyflier.com
Iowa ,Ft. Rucker News-Southeast Sun,http://www.southeastsun.com
Iowa ,Gadsden Messenger,http://www.gadsdenmessenger.com/
Iowa ,Gadsden Times,http://www.gadsdentimes.com/
Iowa ,Gardendale North Jefferson News,http://www.njeffersonnews.com
Iowa ,Gilbertown Choctaw Sun,http://www.choctawsun.com
Iowa ,Greenville Advocate,http://www.greenvilleadvocate.com/
Iowa ,Guntersville Advertiser-Gleam,http://www.advertisergleam.com/
Iowa ,Hartselle Enquirer,http://www.hartselleenquirer.com
Iowa ,Heflin Cleburne News,http://www.cleburnenews.com/
Iowa ,Huntsville Times,http://www.al.com/news/huntsvilletimes/
Iowa ,Huntsville Virtual Times,http://www.hsv.com/fntpage.html
Iowa ,Jackson South Alabamian,http://www.southalabamian.com
Iowa ,Jacksonville News,http://www.jaxnews.com/
Iowa ,Jasper Daily Mountain Eagle,http://www.mountaineagle.com/
Iowa ,Lanett Valley Times-News,http://www.valleytimes-news.com/
Iowa ,Livingston Record Journal,http://www.recordjournal.net/
Iowa ,Madison County Record,http://www.madisoncountyrecord.com/
Iowa ,Mobile Register,http://www.al.com/news/mobileregister/
Iowa ,Monroe Journal,http://www.monroejournal.com/
Iowa ,Montgomery Advertiser,http://www.montgomeryadvertiser.com/
Iowa ,Montgomery Independent,http://www.al.com/montgomery/
Iowa ,Northport Gazette,http://www.northportgazette.com
Iowa ,Opelika-Auburn News,http://www.oanow.com/
Iowa ,Oxford Independent,http://www.oxfordi.com
Iowa ,Rainsville Weekly Post,http://www.theweeklypost.com/
Iowa ,Roanoke -  The Randolph Leader,http://www.therandolphleader.com/
Iowa ,Sand Mountain Reporter,http://www.sandmountainreporter.com/
Iowa ,Scottsboro Daily Sentinel,http://www.thedailysentinel.com/
Iowa ,Selma Times-Journal,http://www.selmatimesjournal.com/
Iowa ,Shelby County Reporter,http://www.shelbycountyreporter.com/
Iowa ,St. Clair Times,http://www.dailyhome.com/stclair/dh-stclair.htm
Iowa ,Talladega Daily Home,http://www.dailyhome.com/
Iowa ,The Anniston Star,http://www.annistonstar.com/as-index.htm
Iowa ,Thomasville Times,http://www.thethomasvilletimes.com/
Iowa ,Troy Messenger,http://www.troymessenger.com
Iowa ,Tuscaloosa News,http://www.tuscaloosanews.com/
Iowa ,Wetumpka Herald,http://www.TheWetumpkaHerald.com
Iowa ,Alaska Star,http://www.alaskastar.com
Iowa ,Anchorage Daily News,http://www.adn.com
Iowa ,Anchorage Press,http://www.anchoragepress.com
Iowa ,Chilkat Valley News,http://www.chilkatvalleynews.com
Iowa ,Fairbanks Daily News-Miner,http://www.news-miner.com/
Iowa ,Homer Tribune,http://www.homertribune.com
Iowa ,Juneau Empire,http://www.juneauempire.com
Iowa ,Ketchikan Daily News,http://www.ketchikandailynews.com/
Iowa ,Kodiak Daily Mirror,http://www.kodiakdailymirror.com/
Iowa ,Nome Nugget,http://www.nomenugget.net/
Iowa ,Peninsula Clarion,http://www.peninsulaclarion.com
Iowa ,Petersburg Pilot,http://www.petersburgpilot.com
Iowa ,Skagway News,http://www.skagwaynews.com
Iowa ,Wasilla Frontiersman,http://www.frontiersman.com
Iowa ,Ahwatukee Foothills News,http://www.ahwatukee.com
Iowa ,Ajo Copper News,http://www.cunews.info
Iowa ,Apache Junction News,http://www.ajnews.com
Iowa ,Arizona Business Gazette,http://www.azcentral.com/abgnews
Iowa ,Arizona Capitol Times,http://www.azcapitoltimes.com
Iowa ,Arizona City Independent,http://www.zwire.com/site/news.cfm?brd=1817&pag=460&dept_ID=222089
Iowa ,Arizona Daily Star (Tucson),http://www.azstarnet.com
Iowa ,Arizona Daily Sun (Flagstaff),http://www.azdailysun.com
Iowa ,Alma Journal,http://www.almajournal.com
Iowa ,Arkadelphia Siftings Herald,http://www.siftingsherald.com
Iowa ,Arkansas Business Online,http://www.arkansasbusiness.com
Iowa ,Arkansas Democrat-Gazette,http://www.ardemgaz.com
Iowa ,Arkansas Times,http://www.arktimes.com
Iowa ,Atkins Chronicle,http://www.atkinschronicle.com
Iowa ,Batesville Arkansas Weekly,http://www.arkansasweekly.com
Iowa ,Batesville Daily Guard,http://www.guardonline.com
Iowa ,Beebe News,http://www.beebenews.com
Iowa ,Bella Vista Weekly Vista,http://www.nwanews.com/weeklyvista
Iowa ,Benton County Daily Record,http://www.nwanews.com/dailyrecord
Iowa ,Benton Courier,http://www.bentoncourier.com
Iowa ,Berryville Carroll County News,http://www.ccnweekend.com
Iowa ,Blytheville Courier News,http://www.blythevillecn.com
Iowa ,Booneville Democrat,http://www.boonevilledemocrat.com
Iowa ,Bryant Times,http://www.thebryanttimes.com
Iowa ,Cabot Star-Herald,http://www.cabotstarherald.com/cabot_star_herald/front/
Iowa ,Camden News,http://www.camdenarknews.com
Iowa ,Carlisle Independent,http://www.carlisleindependent.com/carlisle_independent/front/
Iowa ,Charleston Express,http://www.recordtimes.com
Iowa ,Cherokee Village Villager Journal,http://www.villageronline.com
Iowa ,Clarksville Johnson County Graphic,http://www.thegraphic.org
Iowa ,Clinton Van Buren County Democrat,http://www.vanburencountydem.com
Iowa ,Conway Log Cabin Democrat,http://www.thecabin.net
Iowa ,Crossett - Ashley News Observer,http://www.crossettar.com
Iowa ,Dardanelle Courier,http://www.couriernews.com
Iowa ,DeQueen Bee,http://www.dequeen.com
Iowa ,DeValls Bluff Times,http://www.herald-publishing.com
Iowa ,DeWitt Era-Enterprise,http://www.dewitt-ee.com
Iowa ,Dover Times,http://www.atkinschronicle.com/dover.htm
Iowa ,El Dorado News-Times,http://www.eldoradonews.com
Iowa ,Eureka Springs Lovely County Citizen,http://www.lovelycitizen.com
Iowa ,Eureka Springs Times-Echo,http://www.eurekaspringstimesecho.com
Iowa ,Fairfield Bay News,http://www.fairfieldbaynews.com
Iowa ,Fayetteville Northwest Arkansas Times,http://www.nwanews.com/times
Iowa ,Forest City Times-Herald,http://www.thnews.com
Iowa ,Ft. Smith Southwest-Times Record,http://www.swtimes.com
Iowa ,Glenwood Herald,http://www.nashvillenews.org/
Iowa ,Greenwood Democrat,http://www.greenwooddemocrat.com
Iowa ,Gurdon Times,http://www.picayune-times.com
Iowa ,Hamburg Ashley County Ledger,http://www.ashleycountyledger.com
Iowa ,Hampton South Arkansas Sun,http://www.southarkansassun.com
Iowa ,Harrison Daily Times,http://www.harrisondailytimes.com
Iowa ,Hazen Grand Prairie Herald,http://www.herald-publishing.com
Iowa ,Heber Springs Sun-Times,http://www.thesuntimes.com
Iowa ,Helena Daily World,http://www.helena-arkansas.com
Iowa ,Hope Star,http://www.hopestar.com
Iowa ,Hot Springs Sentinel-Record,http://www.hotsr.com
Iowa ,Hot Springs Village Voice,http://www.hsvvoice.com
Iowa ,Huntsville - Madison County Record,http://www.mcrecordonline.com
Iowa ,Jacksonville Arkansas Leader,http://www.arkansasleader.com
Iowa ,Jacksonville Patriot,http://www.jacksonvillepatriot.com
Iowa ,Jonesboro Sun,http://www.jonesborosun.com
Iowa ,Lonoke Democrat,http://www.lonokedemocrat.com
Iowa ,Magnolia Banner News,http://www.bannernews.net
Iowa ,Malvern Daily Record,http://www.malvern-online.com
Iowa ,Manila Town Crier,http://www.thetown-crier.com
Iowa ,Marion Salute,http://www.themarionsalute.com/
Iowa ,Marked Tree Tri-City Tribune,http://www.tri-citytribune.com
Iowa ,Maumelle Monitor,http://www.maumellemonitor.com
Iowa ,Mena Star,http://www.menastar.com
Iowa ,Monticello News,http://www.monticellonews.net/
Iowa ,Morrilton Headlight News,http://www.headlightnews.com
Iowa ,Mount Ida Montgomery County News,http://www.nashvillenews.org/
Iowa ,Mt. Home Baxter Bulletin,http://www.baxterbulletinonline.com
Iowa ,Murfreesboro Diamond,http://www.nashvillenews.org/
Iowa ,Nashville Leader,http://www.nashvilleleader.com
Iowa ,Nevada County Picayune,http://www.picayune-times.com/homepage.heitml?pubname=picayune
Iowa ,Newport Daily Independent,http://www.newportindependent.com
Iowa ,Newton County Times,http://www.newtoncountytimes.com
Iowa ,North Little Rock Times,http://www.nlrtimes.com
Iowa ,Northwest Arkansas Morning News (Fayetteville),http://www.nwaonline.net
Iowa ,Northwest Arkansas Times (Fayetteville),http://www.nwarktimes.com
Iowa ,Ozark Spectator,http://www.ozarkspectator.com
Iowa ,Ozark Spectator,http://www.ozarkspectator.com
Iowa ,Paragould Daily Press,http://www.paragoulddailypress.com
Iowa ,Paris Express,http://www.paris-express.com
Iowa ,Piggott Times,http://www.piggotttimes.com
Iowa ,Pine Bluff Commercial,http://www.pbcommercial.com
Iowa ,Rector Clay County Democrat,http://www.claycountydemocrat.com
Iowa ,Russellville Courier,http://www.couriernews.com
Iowa ,Salem News,http://news.mywebpal.com/index.cfm?pnpid=883
Iowa ,Saline County Voice,http://www.salinecountyvoice.com/
Iowa ,Searcy Daily Citizen,http://www.thedailycitizen.com
Iowa ,Sheridan Headlight,http://www.thesheridanheadlight.com
Iowa ,Siloam Springs Herald Leader,http://www.nwanews.com/leader
Iowa ,Springdale-Rogers Morning News,http://www.nwaonline.net
Iowa ,Stamps Lafayette County Press,http://www.lafayettecountypress.com
Iowa ,Stuttgart Daily Leader,http://www.stuttgartdailyleader.com
Iowa ,Texarkana Gazette,http://www.texarkanagazette.com
Iowa ,Trumann Democrat,http://www.trumanndemocrat.com
Iowa ,Van Buren Press Argus-Courier,http://www.pressargus.com
Iowa ,Waldron News,http://www.waldronnews.com
Iowa ,Walnut Ridge Times Dispatch,http://www.thetd.com
Iowa ,West Memphis Evening Times,http://www.theeveningtimes.com
Iowa ,Acton Vanguard News,http://www.vanguardnews.com/
Iowa ,Alameda Times-Star,http://www.timesstar.com/
Iowa ,Alturas Modoc County Record,http://www.modocrecord.com
Iowa ,Antelope Valley Press,http://www.avpress.com/
Iowa ,Arcata Eye,http://www.arcataeye.com/
Iowa ,Arroyo Grande Times Press Recorder,http://www.timespressrecorder.com/
Iowa ,Auburn Journal,http://www.auburnjournal.com
Iowa ,Bakersfield Californian,http://www.bakersfield.com/
Iowa ,Barstow Desert Dispatch,http://www.desertdispatch.com/
Iowa ,Benicia News,http://www.benicianews.com/
Iowa ,Berkeley East Bay Express,http://www.eastbayexpress.com/index.html
Iowa ,Beverly Hills Weekly,http://www.bhweekly.com/
Iowa ,Big Bear Lake Grizzly,http://www.bigbeargrizzly.net/
Iowa ,Bishop Inyo Register,http://www.inyoregister.com/
Iowa ,Blythe Desert Independent,http://www.thedesertinde.com/
Iowa ,Burbank Leader,http://www.latimes.com/tcn/burbank/
Iowa ,Calaveras Enterprise,http://www.calaverasenterprise.com
Iowa ,Carmel Pine Cone,http://www.carmelpinecone.com/
Iowa ,Carmichael Times,http://carmichaeltimes.com/
Iowa ,Carpenteria Coastal View News,http://www.coastalview.com/
Iowa ,Catalina Islander,http://www.islander.catalinatoday.com/
Iowa ,Chester Progressive,http://www.plumasnews.com/index.edi
Iowa ,Chico Enterprise-Record,http://www.chicoer.com/
Iowa ,Chico Examiner,http://www.chicoexaminer.com/
Iowa ,Chico News & Review,http://www.newsreview.com/issues/chico/2004-02-05/
Iowa ,Clayton Pioneer,http://claytonpioneer.com/claytonpioneer/
Iowa ,Clear Lake Observer American,http://www.clearlakeobserver.com
Iowa ,Clipper Mills Rabbit Creek Journal,http://www.rcj.net/
Iowa ,Concord Pioneer,http://concordpioneer.com/concordpioneer/
Iowa ,Contra Costa Times,http://www.hotcoco.com/
Iowa ,Coronado Eagle,http://www.coronadonewsca.com/
Iowa ,Costa Mesa Daily Pilot,http://www.latimes.com/tcn/pilot/
Iowa ,Costa Mesa Orange County Weekly,http://www.ocweekly.com
Iowa ,Crescent City Daily Triplicate,http://www.triplicate.com
Iowa ,Crestline Courier-News,http://www.crestlinecourier-news.com
Iowa ,Culver City News,http://www.culvercitynews.com
Iowa ,Cupertino Courier,http://www.cupertinocourier.com/
Iowa ,Davis Enterprise,http://www.davisenterprise.com/
Iowa ,Dixon Independent Voice,http://www.independentvoice.com/
Iowa ,Downey Eagle,http://www.downeyeagle.com/
Iowa ,El Centro Imperial Valley Press Online,http://www.ivpressonline.com/
Iowa ,Elk Grove Citizen,http://www.egcitizen.com/
Iowa ,Escondido North County Times,http://www.nctimes.com/
Iowa ,Eureka Reporter,http://www.eurekareporter.com
Iowa ,Eureka Times Standard,http://www.times-standard.com/
Iowa ,Fairfield Daily Republic,http://www.dailyrepublic.com/
Iowa ,Fall River Mills Mountain Echo,http://www.mountainecho.com/
Iowa ,Fallbrook Village News,http://www.thevillagenewsnetwork.com
Iowa ,Folsom Telegraph,http://folsomtelegraph.com
Iowa ,Fontana Herald News,http://www.fontanaheraldnews.com/
Iowa ,Fort Bragg Advocate News,http://www.advocate-news.com/
Iowa ,Frazier Park Mountain Enterprise,http://www.mountainenterprise.com/
Iowa ,Fremont Argus,http://www.theargusonline.com/
Iowa ,Fresno Bee,http://www.fresnobee.com/
Iowa ,Galt Herald,http://www.galtherald.com/
Iowa ,Gilroy Dispatch,http://www.gilroydispatch.com/
Iowa ,Glendale News-Press,http://www.latimes.com/tcn/glendale/
Iowa ,Grass Valley Union,http://www.theunion.com/
Iowa ,Half Moon Bay Review,http://www.hmbreview.com/
Iowa ,Hanford Sentinel,http://www.hanfordsentinel.com/
Iowa ,Hayward Daily Review,http://www.dailyreviewonline.com/
Iowa ,Hemet Valley Chronicle,http://thevalleychronicle.com/
Iowa ,Hermosa Beach Reporter,http://www.laindependent.com/
Iowa ,Hollister Free Lance,http://www.freelancenews.com/
Iowa ,Hollister Pinnacle News,http://www.pinnaclenews.com
Iowa ,Huntington Beach Independent,http://www.hbindy.com/
Iowa ,Huntington Beach News,http://www.hbnews.us/
Iowa ,Idyllwild Town Crier,http://www.idyl.com/
Iowa ,Indian Valley Record,http://www.plumasnews.com/
Iowa ,Inland Valley Daily Bulletin,http://www.dailybulletin.com/
Iowa ,Irvine World News,http://irvineworldnews.com/
Iowa ,Kings City Rustler,http://www.kingcityrustler.com/
Iowa ,Kingsburg Recorder,http://www.kingsburgrecorder.com
Iowa ,L.A. Weekly,http://www.laweekly.com
Iowa ,La Canada Valley Sun,http://www.lacanadaonline.com/
Iowa ,La Opinion,http://www.laopinion.com/
Iowa ,La Prensa-San Diego,http://www.laprensa-sandiego.org/
Iowa ,Lake Arrowhead Mountain News,http://www.mountain-news.com/
Iowa ,Lake County Record-Bee,http://www.record-bee.com/
Iowa ,Lake Isabella Kern County Sun,http://www.kvsun.com/
Iowa ,Livermore Independent,http://www.independentnews.com/
Iowa ,Lodi News-Sentinel,http://www.lodinews.com/
Iowa ,Lompoc Record,http://www.lompocrecord.com/
Iowa ,Long Beach Gazettes,http://www.gazettes.com/
Iowa ,Long Beach Press Telegram,http://www.ptconnect.com/
Iowa ,Los Altos Town Crier,http://www.latc.com/
Iowa ,Los Angeles Daily News,http://www.dailynews.com/
Iowa ,Los Angeles Downtown News,http://www.downtownnews.com
Iowa ,Los Angeles Independent,http://www.laindependent.com/
Iowa ,Los Angeles Jewish Observer,http://www.jewishobserver-la.com/
Iowa ,Los Angeles Times,http://www.latimes.com/
Iowa ,Los Banos Enterprise,http://www.losbanosenterprise.com
Iowa ,Los Gatos Daily News,http://www.losgatosdailynews.com/
Iowa ,Los Gatos Weekly-Times,http://www.lgwt.com/
Iowa ,Madera Tribune,http://www.maderatribune.com/
Iowa ,Malibu Times,http://www.malibutimes.com/
Iowa ,Mammoth Times,http://www.mammothtimes.com/
Iowa ,Manhattan Beach Reporter,http://www.laindependent.com/
Iowa ,Manteca Bulletin,http://www.mantecabulletin.com/
Iowa ,Marin Independent Journal,http://www.marinij.com/
Iowa ,Marina del Rey Argonaut,http://www.argonautnewspaper.com/
Iowa ,Mariposa Weekly Gazette,http://www.mariposagazette.com/
Iowa ,Marysville Appeal Democrat,http://www.appeal-democrat.com/
Iowa ,Mendocino Beacon,http://www.mendocinobeacon.com/
Iowa ,Menlo Park Almanac,http://www.almanacnews.com/
Iowa ,Merced Sun-Star,http://www.mercedsun-star.com/
Iowa ,Mercury News,http://www.bayarea.com/mld/mercurynews/
Iowa ,Milpitas Post,http://www.themilpitaspost.com/
Iowa ,Modesto Bee,http://www.modbee.com/
Iowa ,Modoc County Record,http://www.modocrecord.com/
Iowa ,Mojave Desert News,http://www.desertnews.com
Iowa ,Monterey County Herald,http://www.montereyherald.com/mld/mcherald/
Iowa ,Morgan Hill Times,http://www.morganhilltimes.com/
Iowa ,Mt. Shasta News,http://www.mtshastanews.com/
Iowa ,Napa Valley Register,http://www.napanews.com/
Iowa ,Nevada City Union,http://www.theunion.com/
Iowa ,Newport Beach OC Business Journal,http://www.ocbj.com
Iowa ,North Lake Tahoe Bonanza,http://www.tahoebonanza.com/apps/pbcs.dll/frontpage
Iowa ,Novato Advance,http://www.novatoadvance.com/
Iowa ,Oakhurst Sierra Star,http://www.sierrastar.com/
Iowa ,Oakland East Bay Express,http://www.eastbayexpress.com/
Iowa ,Oakland Tribune,http://www.oaklandtribune.com
Iowa ,Oceanside North County Times,http://www.nctimes.com/
Iowa ,Ojai Valley News,http://www.ojaivalleynews.com/
Iowa ,Ontario Daily Bulletin,http://www.dailybulletin.com/
Iowa ,Orange County Register,http://www.ocregister.com/
Iowa ,Oroville Mercury-Record,http://www.orovillemr.com/
Iowa ,Pacific Palisades Palisadian-Post,http://www.palisadespost.com/
Iowa ,Pacifica Tribune,http://www.pacificatribune.com/
Iowa ,Palm Springs Desert Sun,http://www.desertsunonline.com/
Iowa ,Palo Alto Online,http://www.paloaltoonline.com/
Iowa ,Palos Verdes Peninsula News,http://www.pvnews.com/
Iowa ,Paradise Post,http://www.paradisepost.com/
Iowa ,Pasadena Star-News,http://www.pasadenastarnews.com/
Iowa ,Penasquitos Corridor	News,http://www.pomeradonews.com/
Iowa ,Petaluma Argus-Courier,http://www.arguscourier.com/
Iowa ,Placerville Mountain Democrat,http://www.mtdemocrat.com/
Iowa ,Pleasanton Tri-Valley Herald,http://www.trivalleyherald.com/
Iowa ,Point Reyes Light,http://www.ptreyeslight.com/
Iowa ,Porterville Recorder,http://www.portervillerecorder.com/
Iowa ,Portola Reporter,http://www.plumasnews.com/
Iowa ,Poway Corridor News,http://www.pomeradonews.com/
Iowa ,Poway News-Chieftain,http://www.pomeradonews.com/
Iowa ,Quincy Feather River Bulletin,http://www.plumasnews.com/
Iowa ,Ramona Sentinel,http://www.ramonasentinel.com/
Iowa ,Rancho Bernado News Journal,http://www.pomeradonews.com/
Iowa ,Rancho Cucamonga Business Journal,http://www.busjournal.com
Iowa ,Red Bluff Daily News,http://www.redbluffdailynews.com/
Iowa ,Redding Record Searchlight,http://www.redding.com/
Iowa ,Redlands Daily Facts,http://www.redlandsdailyfacts.com/
Iowa ,Redondo Beach Reporter,http://www.laindependent.com/
Iowa ,Ridgecrest Daily Independent,http://www.ridgecrestca.com/
Iowa ,Riverside Press-Enterprise,http://www.pe.com/
Iowa ,Rohnert Park Community Voice,http://www.rpcotatinews.com
Iowa ,Roseville Press-Tribune,http://www.thepresstribune.com/
Iowa ,Running Springs Alpenhorn News,http://www.thealpenhornnews.com
Iowa ,Sacramento Bee,http://www.sacbee.com/
Iowa ,Saint Helen Star,http://www.sthelenastar.com/home.html
Iowa ,Salinas - The Californian,http://www.californianonline.com/
Iowa ,San Bernardino County Sun,http://www.sbcsun.com/
Iowa ,San Diego Coast News,http://www.thecoastnews.com/
Iowa ,San Diego Community Newspaper Group,http://www.sdnews.com/
Iowa ,San Diego Daily Transcript,http://www.sddt.com/
Iowa ,San Diego Headline News,http://www.primenews.com/
Iowa ,San Diego Union-Tribune,http://www.uniontrib.com/
Iowa ,San Francisco Bay Guardian,http://www.sfbayguardian.com/
Iowa ,San Francisco Business Times,http://sanfrancisco.bizjournals.com/sanfrancisco/
Iowa ,San Francisco Chronicle,http://www.sfgate.com/
Iowa ,San Francisco El Observador,http://www.el-observador.com/
Iowa ,San Francisco Examiner,http://www.examiner.com
Iowa ,San Francisco Weekly,http://www.sfweekly.com/
Iowa ,San Gabriel Valley Tribune,http://www.sgvtribune.com/
Iowa ,San Jose - Willow Glen Resident,http://www.wgresident.com
Iowa ,San Jose Business Journal,http://sanjose.bizjournals.com/sanjose/
Iowa ,San Jose Mercury News,http://www.sjmercury.com/
Iowa ,San Jose Metro,http://www.metroactive.com/metro/
Iowa ,San Luis Obispo New Times Weekly,http://www.newtimes-slo.com
Iowa ,San Luis Obispo Telegram-Tribune,http://www.sanluisobispo.com/
Iowa ,San Mateo County Times,http://www.sanmateocountytimes.com/
Iowa ,San Mateo Daily Journal,http://www.smdailyjournal.com/
Iowa ,Santa Barbara Independent,http://www.independent.com/
Iowa ,Santa Barbara News-Press,http://www.newspress.com/
Iowa ,Santa Barbara South Coast Beacon,http://www.scbeacon.com/
Iowa ,Santa Clarita Valley Signal,http://www.the-signal.com/
Iowa ,Santa Cruz Good Times,http://www.gdtimes.com/
Iowa ,Santa Cruz Metro,http://www.metroactive.com/cruz/
Iowa ,Santa Cruz Sentinel,http://www.santa-cruz.com/
Iowa ,Santa Monica Mirror,http://www.smmirror.com
Iowa ,Santa Paula Times,http://www.santapaulatimes.com/
Iowa ,Santa Rosa Press Democrat,http://www.pressdemo.com/
Iowa ,Saratoga News,http://www.saratoganews.com/
Iowa ,Seaside Coast Weekly,http://www.coastweekly.com/
Iowa ,Sebastopol Sonoma West Times & News,http://www.sonomawest.com/
Iowa ,Selma Enterprise,http://www.selmaenterprise.com/
Iowa ,Sonoma Index-Tribune,http://www.sonomanews.com/
Iowa ,Sonora Union Democrat,http://home.uniondemocrat.com/
Iowa ,Stockton Record,http://www.recordnet.com/
Iowa ,Sunnyvale Sun,http://www.sunnyvalesun.com/
Iowa ,Susanville Lassen County Times,http://www.lassennews.com/
Iowa ,Taft Daily Midway Driller,http://www.taftmidwaydriller.com/
Iowa ,Tahoe Daily Tribune,http://www.tahoedailytribune.com/apps/pbcs.dll/frontpage
Iowa ,Tahoe World,http://www.tahoe-world.com/
Iowa ,Tehachapi News,http://www.tehachapinews.com/
Iowa ,Temecula Valley News,http://www.thevalleynewsnetwork.com
Iowa ,Tiburon - The Ark,http://www.thearknewspaper.com
Iowa ,Topanga Messenger,http://www.topangamessenger.com
Iowa ,Torrance Daily Breeze,http://www.dailybreeze.com/
Iowa ,Tracy Press,http://www.tracypress.com/
Iowa ,Truckee Sierra Sun,http://www.sierrasun.com/
Iowa ,Tulare Advance-Register,http://www.TulareAdvanceRegister.com
Iowa ,Twentynine Palms Desert Trail,http://www.deserttrail.com/
Iowa ,Ukiah Daily Journal,http://www.ukiahdailyjournal.com/
Iowa ,Vacaville Reporter,http://www.thereporter.com/
Iowa ,Vallejo Times-Herald,http://www.timesheraldonline.com/
Iowa ,VallejoNews.com,http://www.vallejonews.com/
Iowa ,Valley Center Roadrunner,http://www.valleycenter.com/
Iowa ,Ventura County Star,http://www.staronline.com/
Iowa ,Victorville Daily Press,http://www.vvdailypress.com/
Iowa ,Visalia Times-Delta,http://www.VisaliaTimesDelta.com
Iowa ,Visalia Valley Voice,http://www.valleyvoicenewspaper.com/
Iowa ,Walnut Creek - North Bay Business Journal,http://www.busjrnl.com
Iowa ,Walnut Creek Contra Costa Times,http://www.bayarea.com/mld/cctimes/
Iowa ,Watsonville Register-Pajaronian,http://www.register-pajaronian.com
Iowa ,Whittier Daily News,http://www.whittierdailynews.com/
Iowa ,Woodland Daily Democrat,http://www.dailydemocrat.com/
Iowa ,Woodland Hills Daily News,http://www.dailynewslosangeles.com/
Iowa ,Yreka Siskiyou Daily News,http://www.siskiyoudaily.com/
Iowa ,Yuba City Appeal-Democrat,http://www.appeal-democrat.com/
Iowa ,Yucca Valley Hi-Desert Star,http://www.hidesertstar.com/
Iowa ,Alamosa Valley Courier,http://www.alamosanews.com/
Iowa ,Arvada Sentinel,http://www.arvadasentinel.com/1homebody.lasso
Iowa ,Aspen Daily News,http://www.aspendailynews.com/
Iowa ,Aspen Times,http://www.aspentimes.com/
Iowa ,Aurora Sentinel,http://www.aurorasentinel.com
Iowa ,Bayfield Pine River Times,http://www.pinerivertimes.com/
Iowa ,Boulder County Business Report,http://www.bcbr.com
Iowa ,Boulder Daily Camera,http://www.bouldernews.com/
Iowa ,Boulder Weekly,http://www.boulderweekly.com
Iowa ,Breckenridge - Summit Daily News,http://summitdaily.com/
Iowa ,Brighton Standard Blade,http://www.metrowestfyi.com/standardblade/
Iowa ,Brush News-Tribune,http://www.brushnewstribune.com/
Iowa ,Buena Vista Chaffee County Times,http://www.chaffeecountytimes.com/
Iowa ,Canon Daily Record,http://www.canoncitydailyrecord.com/
Iowa ,Canyon Courier,http://www.canyoncourier.com/
Iowa ,Carbon Valley Farmer & Miner,http://www.metrowestfyi.com/farmerminer/
Iowa ,Carbondale Valley Journal,http://www.valley-journal.com/home.php
Iowa ,Castle Rock Douglas County News Press,http://www.dcnewspress.com/
Iowa ,Colorado Daily,http://www.coloradodaily.com/
Iowa ,Colorado Springs Business Journal,http://www.csbj.com/
Iowa ,Colorado Springs Gazette,http://www.gazette.com/
Iowa ,Colorado Springs Hispania News,http://www.hispanianews.com/
Iowa ,Colorado Springs Independent,http://www.csindy.com
Iowa ,Commerce City Sentinel Express,http://www.metrowestfyi.com/sentinelexpress/
Iowa ,Copper - Summit Daily News,http://summitdaily.com/
Iowa ,Cortez Journal,http://www.cortezjournal.com
Iowa ,Craig Daily Press,http://www.craigdailypress.com/
Iowa ,Crested Butte News,http://www.crestedbuttenews.com/
Iowa ,Delta County Independent,http://www.deltacountyindependent.com/
Iowa ,Denver Business Journal,http://www.bizjournals.com/denver/
Iowa ,Denver Post Online,http://www.denverpost.com/
Iowa ,Denver Rocky Mountain News,http://www.rockymountainnews.com
Iowa ,Denver Westword,http://www.westword.com
Iowa ,Douglas County News-Press,http://www.dcnewspress.com/
Iowa ,Durango Herald,http://www.durangoherald.com/
Iowa ,Estes Park Trail Gazette,http://www.eptrail.com/
Iowa ,Evergreen Canyon Courier,http://www.evergreenco.com/
Iowa ,Fairplay Flume,http://www.theflume.com/
Iowa ,Fort Collins Coloradoan,http://www.coloradoan.com
Iowa ,Fort Collins Northern CO Business Report,http://www.ncbr.com
Iowa ,Fort Collins Weekly,http://www.fortcollinsweekly.com/
Iowa ,Fort Lupton Press,http://www.metrowestfyi.com/fortluptonpress/
Iowa ,Fort Morgan Times,http://www.fortmorgantimes.com
Iowa ,Frisco - Summit Daily News,http://www.summitdaily.com/
Iowa ,Amity Observer,http://www.zwire.com/site/news.cfm?brd=1342
Iowa ,Berlin Citizen,http://www.theberlincitizen.com/
Iowa ,Bethany Bulletin,http://www.ctcentral.com/
Iowa ,Bethel Beacon,http://www.bethelbeacon.com/
Iowa ,Bloomfield Journal,http://www.bloomfieldjournal.com/
Iowa ,Branford Review,http://www.branfordreview.com/
Iowa ,Branford Sound,http://www.shorepublishing.com/
Iowa ,Bridgeport Connecticut Post,http://www.connpost.com
Iowa ,Bridgeport News,http://www.zwire.com/site/news.cfm?brd=1343
Iowa ,Bristol Press,http://www.bristolpress.com
Iowa ,Brookfield Journal,http://www.brookfieldjournal.com/
Iowa ,Clinton Recorder,http://www.clintonrecorder.com/
Iowa ,Danbury El Canillita,http://www.elcanillita.com/
Iowa ,Danbury News-Times,http://www.newstimes.com/
Iowa ,Darien News-Review,http://www.dariennews-review.com/
Iowa ,East Hartford Gazette,http://www.EastHartfordGazette.com
Iowa ,East Haven Advertiser,http://www.easthavenadvertiser.com/
Iowa ,Easton Courier,http://www.zwire.com/site/news.cfm?brd=1344
Iowa ,Fairfield Citizen-News,http://www.fairfieldcitizen-news.com/
Iowa ,Fairfield County Weekly,http://www.fairfieldweekly.com/
Iowa ,Farmington Valley News,http://www.ctcentral.com/
Iowa ,Greenwich Time,http://www.greenwichtime.com/
Iowa ,Guilford Courier,http://guilford.shorepublishing.com/
Iowa ,Hamden Chronicle,http://www.hamdenchronicle.com/
Iowa ,Hartford Advocate,http://www.hartfordadvocate.com/
Iowa ,Hartford Bristol Press,http://www.bristolpress.com/
Iowa ,Hartford Business Journal,http://www.hbjournal.com
Iowa ,Hartford Commercial Record,http://www.commercialrecord.com/
Iowa ,Hartford Courant,http://www.courant.com/
Iowa ,Kent Good Times Dispatch,http://www.ctcentral.com/
Iowa ,Lewisboro Ledger,http://www.acorn-online.com/lewis2.htm
Iowa ,Litchfield County Times,http://www.countytimes.com/site/news.cfm?brd=2303
Iowa ,Litchfield Enquirer,http://www.litchfieldenquirer.com/
Iowa ,Madison Source,http://thesource.shorepublishing.com/
Iowa ,Manchester Journal Inquirer,http://www.journalinquirer.com/
Iowa ,Meriden Record-Journal,http://www.record-journal.com
Iowa ,Middlefield Town Times,http://www.towntimes.com/
Iowa ,Middletown Press,http://www.middletownpress.com/
Iowa ,Milford Mirror,http://www.milfordmirror.com
Iowa ,Monroe Courier,http://www.monroecourier.com
Iowa ,New Britain Herald,http://www.newbritainherald.com/
Iowa ,New Haven Advocate,http://www.newhavenadvocate.com/
Iowa ,New Haven Business Times,http://www.ctbusinesstimes.com
Iowa ,New Haven Register,http://www.nhregister.com
Iowa ,New London Day,http://www.newlondonday.com/
Iowa ,New Milford Spectrum,http://www.spectrum.newmilford.com/
Iowa ,New Milford Times,http://www.newmilfordtimes.com/
Iowa ,Newington Town Crier,http://www.newingtontowncrier.com/
Iowa ,Newtown Bee,http://www.newtownbee.com/
Iowa ,North Haven Post,http://www.northhavenpost.com/
Iowa ,Norwalk Citizen-News,http://www.norwalkcitizen-news.com/
Iowa ,Norwalk Hour,http://www.thehour.com/
Iowa ,Norwich Bulletin,http://www.norwichbulletin.com
Iowa ,Plainville Citizen,http://www.theplainvillecitizen.com/
Iowa ,Redding Pilot,http://www.acorn-online.com/redding.htm
Iowa ,Regional Standard,http://www.regionalstandard.com/
Iowa ,Ridgefield Press,http://www.acorn-online.com/ridgef2.htm
Iowa ,Rocky Hill Post,http://www.rockyhillpost.com/
Iowa ,Seymour Valley Gazette,http://www.zwire.com/site/news.cfm?brd=1351
Iowa ,Shelton Huntington Herald,http://www.zwire.com/site/news.cfm?brd=1346
Iowa ,Shore Line Times,http://www.shorelinetimes.com/
Iowa ,Stamford Advocate,http://www.stamfordadvocate.com/
Iowa ,Stamford Fairfield County Weekly,http://www.fairfieldweekly.com
Iowa ,Stonington Intelligencer,http://www.stoningtonct.com/
Iowa ,Stratford Bard,http://www.stratfordbard.com/
Iowa ,Torrington Register Citizen,http://www.registercitizen.com/
Iowa ,Trumbull Times,http://www.zwire.com/news/newslist.cfm?brd=1350
Iowa ,Valley Advocate,http://www.valleyadvocate.com/
Iowa ,Wallingford People's Press,http://www.peoplespressnews.com/
Iowa ,Waterbury Republican-American,http://www.rep-am.com/
Iowa ,West Hartford News,http://www.westhartfordnews.com/
Iowa ,West Haven News,http://www.westhavennews.com/
Iowa ,West Haven Voice,http://www.whvoice.com/
Iowa ,Westbrook Harbor News,http://harbornews.shorepublishing.com/
Iowa ,Weston Forum,http://www.acorn-online.com/weston.htm
Iowa ,Westport Minuteman,http://www.westportminuteman.com/
Iowa ,Westport News,http://www.westport-news.com/
Iowa ,Wethersfield Post,http://www.wethersfieldpost.com/
Iowa ,Willimantic Chronicle,http://www.thechronicle.com
Iowa ,Wilton Bulletin,http://www.acorn-online.com/wilton.htm
Iowa ,Windsor Journal,http://www.windsorjournal.com/
Iowa ,Windsor Locks Journal,http://www.windsorlocksjournal.com/
Iowa ,Wolcott Community News,http://www.wolcottct.com/news/
Iowa ,Bethany Beach Wave,http://www.delmarvanow.com/bethanybeach/index.html
Iowa ,Chincoteague Beacon,http://www.delmarvanow.com/chincoteague/index.html
Iowa ,Delaware Beachcomber,http://www.delmarvanow.com/debeachcomber/index.html
Iowa ,Delaware Daily Times,http://www.delmarvanow.com/news/index.html
Iowa ,Delaware State News,http://www.newszap.com/dover/
Iowa ,Dewey Beach Coast Press,http://www.delmarvanow.com/deweybeach/index.html
Iowa ,Dover Post,http://www.doverpost.com/
Iowa ,Eastern Shore News,http://www.delmarvanow.com/easternshore/index.html
Iowa ,"Independent Newspapers Inc. Harrington, Milford, Seaford",http://www.newszap.com/
Iowa ,Middletown Transcript,http://www.middletowntranscript.com/
Iowa ,New Castle Business Ledger,http://www.ncbl.com/
Iowa ,Newark Post,http://www.ncbl.com/post
Iowa ,Ocean City Times Press,http://www.delmarvanow.com/oceancity/index.html
Iowa ,Ocean Pines Independent,http://www.delmarvanow.com/oceanpines/index.html
Iowa ,Rehoboth Beach Cape Gazette,http://www.capegazette.com
Iowa ,Smyrna-Clayton Sun Times,http://www.scsuntimes.com/
Iowa ,Somerset Herald,http://www.delmarvanow.com/somerset/index.html
Iowa ,University of Delaware Daily,http://www.mis4.udel.edu/udaily/index.html
Iowa ,University of Delaware Review,http://www.review.udel.edu/
Iowa ,Wilmington News Journal,http://www.delawareonline.com/newsjournal/
Iowa ,Worcester County Messenger,http://www.delmarvanow.com/worcester/index.html
Iowa ,Bolling AF Base Aviator,http://www.dcmilitary.com/aviator
Iowa ,DC Military Services Newspapers,http://www.dcmilitary.com/
Iowa ,Fort McNair Pentagram,http://www.dcmilitary.com/pentagram/
Iowa ,Hill News,http://www.hillnews.com
Iowa ,Information Times,http://www.informationtimes.com/
Iowa ,The Common Denominator,http://www.thecommondenominator.com
Iowa ,The Journal Online,http://www.jrnl.com/
Iowa ,Voice of the Hill,http://www.voiceofthehill.com
Iowa ,Washington Business Journal,http://washington.bizjournals.com/washington/
Iowa ,Washington City Paper,http://www.washingtoncitypaper.com
Iowa ,Washington Post,http://www.washingtonpost.com/
Iowa ,Washington Roll Call,http://www.rollcall.com/
Iowa ,Washington Technology Online,http://www.wtonline.com
Iowa ,Washington Times,http://www.washtimes.com/
Iowa ,Washington Town Hall,http://www.townhall.com/
Iowa ,Alachua Today,http://www.alachuatoday.com/
Iowa ,Anna Maria Island Sun,http://www.amisun.com/
Iowa ,Apalachicola Times,http://www.apalachtimes.com/
Iowa ,Bartow Polk County Democrat,http://www.polkcountydemocrat.com/
Iowa ,Boca Grande Boca Beacon,http://www.bocabeacon.com/
Iowa ,Boca Raton Basta Pinoy News,http://www.bastapinoy.com/
Iowa ,Boca Raton News,http://www.bocaratonnews.com/
Iowa ,Bonita Daily News,http://www.bonitanews.com/
Iowa ,Bradenton Herald,http://www.bhip.com/
Iowa ,Bradford County Telegraph,http://www.bctelegraph.com
Iowa ,Brooksville Hernando Today,http://www.hernandotoday.com/
Iowa ,Cedar Key Beacon,http://www.cedarkeybeacon.com/
Iowa ,Charlotte Harbor Sun-Herald,http://www.sun-herald.com/
Iowa ,Chiefland Citizen,http://www.chieflandcitizen.com/
Iowa ,Chipley Bugle Newspaper,http://www.chipleybugle.com
Iowa ,Citrus County Chronicle,http://www.chronicleonline.com/chronicle_online/
Iowa ,Coral Gables Gazette,http://www.cggazette.com
Iowa ,Coral Springs Our Town News,http://www.otnewsonline.com/
Iowa ,Daytona Beach News-Journal,http://www.news-journalonline.com/
Iowa ,Deland Beacon,http://www.delandbeacon.com/
Iowa ,Destin Log,http://www.destin.com/
Iowa ,Dunnellon Riverland News,http://www.chronicleonline.com/riverland_news/
Iowa ,East Orlando Sun,http://www.eosun.com/
Iowa ,Englewood Sun-Herald,http://www.sun-herald.com/
Iowa ,Fernandida Beach News Leader,http://www.fbnewsleader.com/
Iowa ,Florida Keys Keynoter,http://www.keynoter.com/
Iowa ,Florida Star,http://www.thefloridastar.com/fs/index.php
Iowa ,Fort Lauderdale Business Journal,http://southflorida.bizjournals.com/southflorida/
Iowa ,Fort Lauderdale Sun-Sentinel,http://www.sun-sentinel.com/
Iowa ,Fort Lauderdale Waterfront News,http://waterfront-news.com
Iowa ,Fort Myers News-Press,http://www.news-press.com/
Iowa ,Fort Pierce News,http://www.tcpalm.com/tcp/tribune
Iowa ,Fort Walton Beach Daily News,http://www.nwfdailynews.com/
Iowa ,Gainesville Florida Alligator,http://www.alligator.org/
Iowa ,Gainesville Sun,http://www.sunone.com/
Iowa ,High Springs Herald,http://www.highspringsherald.com/
Iowa ,Jackson County Floridan,http://www.jcfloridan.com/
Iowa ,Jacksonville Advocate,http://www.jacksonvilleadvocate.com/news/default.asp
Iowa ,Jacksonville Beach Leader,http://www.beachesleader.com
Iowa ,Jacksonville Business Journal,http://jacksonville.bizjournals.com/jacksonville/
Iowa ,Jacksonville Daily Record,http://www.jaxdailyrecord.com
Iowa ,Jacksonville Florida Times-Union,http://jacksonville.com/
Iowa ,Jacksonville JaxAirNews,http://www.jaxairnews.com/
Iowa ,Jupiter Courier,http://www1.tcpalm.com/tcp/jupiter_courier/
Iowa ,Key Biscayne Islander News,http://www.key-biscayne.com/islander/
Iowa ,Key Largo Independent,http://www.floridakeysnews.info/
Iowa ,Key West KeysNews.com,http://www.keysnews.com/
Iowa ,Lake Butler Union County Times,http://www.bctelegraph.com
Iowa ,Lake City Journal,http://www.lakecityjournal.com
Iowa ,Lake City Reporter,http://www.lakecityreporter.com
Iowa ,Lake Placid News-Sun,http://www.newssun.com/
Iowa ,Lakeland Ledger,http://www.theledger.com/
Iowa ,Leesburg Daily Commercial,http://www.dailycommercial.com/
Iowa ,Live Oak Suwannee Democrat,http://suwanneedemocrat.com
Iowa ,Macclenny Baker County Stardard,http://www.bcstandard.com
Iowa ,Madison County Carrier,http://www.greenepublishing.com/
Iowa ,Marco Island Eagle,http://www.marcoeagle.com/
Iowa ,Marco Island Sun-Times,http://www.marcosuntimes.com
Iowa ,Marianna Jackson County Floridan,http://www.jcfloridan.com/
Iowa ,Matlacha Pine Island News,http://www.pineislandnews.com/
Iowa ,Mayport Mirror,http://www.mayportmirror.com/
Iowa ,Melbourne Florida Today,http://www.flatoday.com/
Iowa ,Miami New Times,http://www.miaminewtimes.com
Iowa ,Miami Today,http://www.miamitodaynews.com
Iowa ,Miami's Community Newspapers,http://www.communitynewspapers.com/
Iowa ,Naples Daily News,http://www.naplesnews.com/
Iowa ,Naples Everglades Echo,http://www.evergladesecho.com
Iowa ,Naples Golden Gate Gazette,http://www.goldengategazette.com/
Iowa ,Naples Net News,http://www.naplesnetnews.com/
Iowa ,Naples Sun-Times,http://www.naplessuntimes.com/
Iowa ,North Port Sun-Herald,http://www.sun-herald.com/
Iowa ,Northwest Florida Daily News,http://www.nwfdailynews.com/
Iowa ,Ocala Star-Banner,http://www.starbanner.com/
Iowa ,Orange Park Clay Today,http://www.claytoday.biz
Iowa ,Orlando Business Journal,http://orlando.bizjournals.com/orlando/
Iowa ,Orlando Sentinel,http://www.orlandosentinel.com/
Iowa ,Orlando Times,http://www.orlando-times.com/
Iowa ,Orlando Weekly,http://orlandoweekly.com/
Iowa ,Osceola News Gazette,http://www.oscnewsgazette.com/
Iowa ,Palatka Daily News,http://www.palatkadailynews.com/
Iowa ,Palm Beach Daily News,http://www.pbdailynews.com
Iowa ,Palm Beach Post,http://www.pbpost.com/
Iowa ,Panama City - The County Press,http://www.thecountypress.com
Iowa ,Panama City News-Herald,http://www.newsherald.com/
Iowa ,Pensacola Beach News,http://www.pbrla.com/news3.html
Iowa ,Pensacola Independent/Florida Sun,http://www.independentfloridasun.com/
Iowa ,Pensacola News Journal,http://www.gulfcoastgateway.com/
Iowa ,Polk County Democrat,http://www.polkcountydemocrat.com/
Iowa ,Port Saint Lucie Tribune,http://www.portsaintlucie.com/
Iowa ,Port St. Joe Star,http://www.starfl.com
Iowa ,Port St. Lucie News,http://www.tcpalm.com/tcp/stuart_news
Iowa ,Riverland News,http://www.smcitizen.com/riverland_news/
Iowa ,Royal Palm Beach Palms West Press,http://www.palmswestpress.com
Iowa ,Santa Rosa Beach Walton Sun,http://www.waltonsun.com
Iowa ,Sarasota Herald-Tribune,http://www.heraldtribune.com/
Iowa ,Sarasota Pelican Press,http://www.pelicannews.com/
Iowa ,Sebastian Sun,http://www.tcpalm.com/tcp/the_sun
Iowa ,Sebring Highlands Today,http://www.highlandstoday.com
Iowa ,Sebring News-Sun,http://www.newssun.com/
Iowa ,South Florida Business Journal,http://southflorida.bizjournals.com/southflorida/
Iowa ,South Florida Sun-Sentinel,http://www.sun-sentinel.com/
Iowa ,South Marion Citizen,http://www.chronicleonline.com/smcitizen/
Iowa ,Southwest Orlando Bulletin,http://www.southwestorlandobulletin.com/
Iowa ,St. Augustine Record,http://staugustine.com/
Iowa ,St. Petersburg Times,http://www.sptimes.com/
Iowa ,Stuart News,http://www.stuartnews.com/
Iowa ,Stuart News,http://www.tcpalm.com/tcp/stuart_news
Iowa ,Sumter County Times,http://www.sumtercountytimes.com/sumter_county_times/
Iowa ,Suwannee Democrat,http://www.suwanneedemocrat.com/suwannee/
Iowa ,Tallahassee Democrat,http://www.tdo.com/
Iowa ,Tampa Bay Business Journal,http://tampabay.bizjournals.com/tampabay/
Iowa ,Tampa Bay Newspapers,http://www.tbnweekly.com/
Iowa ,Tampa Tribune,http://www.tampatrib.com/
Iowa ,Tavernier Reporter,http://www.upperkeysreporter.com/
Iowa ,The Miami Herald,http://www.herald.com/
Iowa ,The Villages Daily Sun,http://www.thevillagesdailysun.com/
Iowa ,Venice Gondolier,http://www.venicegondolier.com/
Iowa ,Vero Beach Press Journal,http://www.tcpalm.com/tcp/press_journal
Iowa ,Wellington Palms West Press,http://www.palmswestpress.com
Iowa ,Wellington-Royal Palm Crier,http://www.goTownCrier.com
Iowa ,Williston Pioneer Sun News,http://www.willistonpioneer.com/
Iowa ,Winter Garden West Orange Times,http://www.wotimes.com/
Iowa ,Winter Haven News Chief,http://www.polkonline.com/
Iowa ,Adel News-Tribune,http://www.adelnewstribune.com
Iowa ,Albany Herald,http://www.albanyherald.net/
Iowa ,Alma Times,http://www.thealmatimes.com/
Iowa ,Americus Times Recorder,http://www.americustimesrecorder.com/
Iowa ,Athens Banner-Herald,http://www.onlineathens.com/
Iowa ,Atlanta - Fulton County Daily Report,http://www.fcdr.com/
Iowa ,Atlanta Business Chronicle,http://atlanta.bizjournals.com/atlanta/
Iowa ,Atlanta Daily World,http://www.atlantadailyworld.com
Iowa ,Atlanta Jewish Times,http://www.atljewishtimes.com/
Iowa ,Atlanta Journal-Constitution,http://www.ajc.com/
Iowa ,Augusta Chronicle,http://www.augustachronicle.com
Iowa ,Bainbridge Post-Searchlight,http://www.thepostsearchlight.com/
Iowa ,Baldwin Bulletin,http://www.thebaldwinbulletin.com/
Iowa ,Barnesville Herald Gazette,http://www.barnesville.com/
Iowa ,Baxley News-Banner,http://www.baxleynewsbanner.com
Iowa ,Blackshear Times,http://www.theblacksheartimes.com/
Iowa ,Blairsville North Georgia News,http://www.nganews.com/
Iowa ,Blakely Early County News,http://www.earlycountynews.com
Iowa ,Blue Ridge News Observer,http://www.thenewsobserver.com/
Iowa ,Brunswick News,http://www.thebrunswicknews.com
Iowa ,Bryan County News,http://www.bryancountynews.net/
Iowa ,Buena Vista Tri-County Journal,http://www.tjournal.com/
Iowa ,Cairo Messenger,http://www.cairomessenger.com/
Iowa ,Calhoun Times,http://news.mywebpal.com/index.cfm?pnpid=722
Iowa ,Canton Cherokee Tribune,http://www.cherokeetribune.com/
Iowa ,Carrollton Times Georgian,http://www.times-georgian.com/
Iowa ,Cartersville Daily Tribune,http://www.daily-tribune.com
Iowa ,Cedartown Standard,http://news.mywebpal.com/index.cfm?pnpid=725
Iowa ,Charlton County Herald,http://planttel.net/%7Echerald/
Iowa ,Chattahoochee Chronicle,http://www.tjournal.com/
Iowa ,Claxton Enterprise,http://www.claxtonenterprise.com/
Iowa ,Clayton Tribune,http://www.theclaytontribune.com/
Iowa ,Cleveland White County News,http://www.http://www.whitecountynewstelegraph.com/
Iowa ,Colquitt - Miller County Liberal,http://www.millercountyliberal.com/
Iowa ,Columbus Ledger-Enquirer,http://www.ledger-enquirer.com
Iowa ,Commerce Main Street News,http://www.mainstreetnews.com
Iowa ,Conyers Rockdale Citizen,http://www.citizenonline.net/
Iowa ,Cordele Dispatch,http://www.cordeledispatch.com/
Iowa ,Cornelia  Northeast Georgian,http://www.thenortheastgeorgian.com/
Iowa ,Covington News,http://covingtonnews.imc-media.net/gbase/Expedite/index
Iowa ,Cumming - Forsyth County News,http://www.forsythnews.com/
Iowa ,Dahlonega Nugget,http://www.thedahloneganugget.com/
Iowa ,Haleakala Times,http://www.mauisfreepress.com/
Iowa ,Haleiwa - North Shore News,http://www.northshorenews.com/
Iowa ,Hawaii Independent,http://www.hawaiiindependent.com/
Iowa ,Hawaii News,http://www.hawaiinews.com/
Iowa ,Hawaii Reporter.com,http://www.hawaiireporter.com/
Iowa ,Hilo Tribune-Herald,http://www.hilohawaiitribune.com/
Iowa ,Honolulu Advertiser,http://www.honoluluadvertiser.com
Iowa ,Honolulu Star-Bulletin,http://starbulletin.com/
Iowa ,Kailua-Kona West Hawaii Today,http://www.westhawaiitoday.com
Iowa ,Kaneohe Sun Press Midweek,http://www.midweek.com/
Iowa ,KauaiWorld.com,http://www.KauaiWorld.com/
Iowa ,Maui News,http://www.mauinews.com/default.aspx
Iowa ,mkkdisp/,http://www.aloha.net/
Iowa ,Pacific Business News,http://www.amcity.com/pacific/index.html
Iowa ,Wailuku Maui News,http://www.mauinews.com
Iowa ,Arco Advertiser,http://www.arcoadvertiser.com/
Iowa ,Benewah News,http://www.ruralnorthwest.com/benewah/index.htm
Iowa ,Boise Idaho Statesman,http://www.idahostatesman.com/
Iowa ,Bonners Ferry Northwest News,http://www.ruralnorthwest.com/
Iowa ,Burley South Idaho Press,http://www.southidahopress.com/
Iowa ,Challis Messenger,http://www.challismessenger.com/
Iowa ,Coeur d'Alene Press,http://www.cdapress.com/
Iowa ,Emmett Messenger-Index,http://www.messenger-index.com/
Iowa ,Hailey Wood River Journal,http://www.woodriverjournal.com/
Iowa ,Idaho Falls Post Register,http://www.idahonews.com/
Iowa ,Island Park News,http://www.islandparknews.com/
Iowa ,Ketchum Idaho Mountain Express,http://www.sunvalleycentral.com/
Iowa ,Kootenai Valley Press,http://www.kvpress.com/
Iowa ,Lewiston Morning Tribune,http://www.lmtribune.com/
Iowa ,Montpelier News-Examiner,http://www.news-examiner.net/
Iowa ,Moscow-Pullman Daily News,http://www.dnews.com
Iowa ,Mountain Home News,http://www.mountainhomenews.com/
Iowa ,Nampa Idaho Press-Tribune,http://www.idahopress.com
Iowa ,Orofino Clearwater Tribune,http://www.clearwatertribune.com/
Iowa ,Pocatello Idaho State Journal,http://www.journalnet.com/
Iowa ,Potlach Latah Eagle,http://www.lataheagle.com/
Iowa ,Rexburg Standard Journal,http://www.rexburgstandardjournal.com/
Iowa ,St. Maries Gazette Register,http://www.smgazette.com/news/index.php
Iowa ,Treasure Valley Christian News,http://www.tvcnews.org/
Iowa ,Twin Falls Times-News,http://www.magicvalley.com/
Iowa ,Weiser Signal-American,http://www.ruralnetwork.net/~newsroom/
Iowa ,Abingdon Argus,http://www.eaglepublications.com/current.php?paper=Abingdon&type=News
Iowa ,Aledo Times Record,http://www.aledotimesrecord.com/
Iowa ,Algonquin Countryside,http://www.pioneerlocal.com/algonquin/index.html
Iowa ,Alton Telegraph,http://www.thetelegraph.com
Iowa ,Amboy News,http://www.amboynews.com/
Iowa ,Anna Gazette-Democrat,http://www.annanews.com/
Iowa ,Antioch Review,http://www.pioneerlocal.com/antioch/index.html
Iowa ,Arlington Heights Daily Herald,http://www.dailyherald.com
Iowa ,Arlington Heights Journal,http://www.journal-topics.com/ah/
Iowa ,Arlington Heights Post,http://www.pioneerlocal.com/arlingtonheights/index.html
Iowa ,Ashton Gazette,http://www.ashtongazette.com/
Iowa ,Augusta Eagle,http://www.eaglepublications.com/current.php?paper=Augusta&type=News
Iowa ,Aurora Beacon News,http://www.suburbanchicagonews.com/beaconnews/
Iowa ,Avon Sentinel,http://www.eaglepublications.com/current.php?paper=Abingdon&type=News
Iowa ,Barrington Courier-Review,http://www.pioneerlocal.com/barrington/index.html
Iowa ,Belleview News-Democrat,http://www.bnd.com/
Iowa ,Belvidere Daily Republican,http://www.bdrnews.com
Iowa ,Benton Evening News,http://www.bentoneveningnews.com/
Iowa ,Bloomington Pantagraph,http://www.pantagraph.com
Iowa ,Bolingbrook Sun,http://www.suburbanchicagonews.com/sunpub/bbrook/
Iowa ,Bourbonnais Herald/Country Market,http://www.bbherald.com
Iowa ,Buffalo Grove Countryside,http://www.pioneerlocal.com/buffalogrove/index.html
Iowa ,Canton Daily Ledger,http://www.cantondailyledger.com/
Iowa ,Carbondale Southern Illinoisan,http://www.southernillinoisan.com
Iowa ,Carlinville Online,http://www.carlinvilleonline.com/
Iowa ,Carmi Times,http://www.carmitimes.com
Iowa ,Carthage Hancock County Journal-Pilot,http://www.journalpilot.com
Iowa ,Cary-Grove Countryside,http://www.pioneerlocal.com/carygrove/index.html
Iowa ,Centralia Morning Sentinel,http://www.morningsentinel.com
Iowa ,Champaign-Urbana News-Gazette,http://www.news-gazette.com/
Iowa ,Charleston Times-Courier,http://www.jg-tc.com
Iowa ,Chicago Daily Herald,http://www.dailyherald.com/
Iowa ,Chicago Daily Southtown,http://www.dailysouthtown.com/
Iowa ,Chicago Suburban Newspapers,http://www.chicagosuburbannews.com/
Iowa ,Chicago Sun-Times,http://www.suntimes.com/
Iowa ,Chicago Tribune,http://www.chicagotribune.com/
Iowa ,Clinton Daily Journal,http://www.clintondailyjournal.com/
Iowa ,Crain's Chicago Business,http://www.crainschicagobusiness.com
Iowa ,Crystal Lake Northwest Herald,http://www.nwherald.com/
Iowa ,Danville Commercial-News,http://www.dancomnews.com/
Iowa ,Decatur Herald & Review,http://www.herald-review.com
Iowa ,Deerfield Review,http://www.pioneerlocal.com/deerfield/index.html
Iowa ,DeKalb Daily Chronicle,http://www.daily-chronicle.com/
Iowa ,Des Plaines Times,http://www.pioneerlocal.com/desplaines/index.html
Iowa ,Dixon Telegraph,http://www.saukvalley.com
Iowa ,Du Quoin Evening Call,http://www.duquoin.com
Iowa ,Edwardsville Intelligencer,http://www.goedwardsville.com
Iowa ,Effingham Daily News,http://www.effinghamdailynews.com
Iowa ,Elburn Herald,http://www.elburnherald.com/
Iowa ,Elgin Courier-News,http://www.suburbanchicagonews.com/couriernews/
Iowa ,Elmhurst Press,http://www.chicagosuburbannews.com/elmhurst
Iowa ,Elmwood Park Elm Leaves,http://www.pioneerlocal.com/elmwoodpark/index.html
Iowa ,Evanston Review,http://www.pioneerlocal.com/evanston/index.html
Iowa ,Flora Clay County Advocate-Press,http://www.advocatepress.com/
Iowa ,Franklin Park Herald-Journal,http://www.pioneerlocal.com/franklinpark/index.html
Iowa ,Freeport Journal-Standard,http://www.journalstandard.com/
Iowa ,Galena Gazette,http://www.galenagazette.com/Reg_Form.asp
Iowa ,Galesburg Register-Mail,http://www.register-mail.com/
Iowa ,Galesburg Zephyr,http://www.thezephyr.com/
Iowa ,Geneva Kane County Chronicle,http://www.kcchronicle.com
Iowa ,Glencoe News,http://www.pioneerlocal.com/glencoe/index.html
Iowa ,Glenview Announcements,http://www.pioneerlocal.com/glenview/index.html
Iowa ,Grayslake Lakeland Newspapers,http://www.lpnews.com/ln.htm
Iowa ,Grayslake Review,http://www.pioneerlocal.com/grayslake/index.html
Iowa ,Gurnee Review,http://www.pioneerlocal.com/gurneereview/index.html
Iowa ,Harrisburg Daily Register,http://www.dailyregister.com
Iowa ,Highland Park News,http://www.pioneerlocal.com/highlandpark/index.html
Iowa ,Hyde Park Herald,http://www.hpherald.com
Iowa ,Jacksonville Journal-Courier,http://www.journal-courier.net/
Iowa ,Joliet Herald-News,http://www.suburbanchicagonews.com/heraldnews/
Iowa ,Kankakee Daily Journal,http://www.daily-journal.com
Iowa ,Kewanee Star-Courier,http://www.starcourier.com
Iowa ,Lanark Carroll County Prairie-Advocate,http://www.prairie-advocate-news.com/
Iowa ,LaSalle News Tribune,http://www.newstrib.com/
Iowa ,Lawrenceville Daily Record,http://www.lawdailyrecord.com
Iowa ,Libertyville Review,http://www.pioneerlocal.com/libertyville/index.html
Iowa ,Lincoln Daily News,http://www.lincolndailynews.com/
Iowa ,Lombard Lombardian,http://members.aol.com/lombardian/homepage.html
Iowa ,Lombard Spectator,http://www.libertysuburban.com/news.php?pub=4
Iowa ,Macomb Eagle,http://www.eaglepublications.com/macomb.html
Iowa ,Macomb Journal,http://www.macombjournal.com/
Iowa ,Marion Daily Republican,http://www.mariondaily.com/
Iowa ,Mattoon Journal-Gazette,http://www.jg-tc.com/
Iowa ,Mendota Reporter,http://www.mendotareporter.com/
Iowa ,Moline Dispatch,http://www.qconline.com
Iowa ,Monmouth Daily Review Atlas,http://www.reviewatlas.com/
Iowa ,Morris Daily Herald,http://www.morrisdailyherald.com
Iowa ,Mount Carmel Register,http://www.mtcarmelregister.com/
Iowa ,Mount Vernon Register-News,http://www.register-news.com
Iowa ,Naperville Lisle Sun,http://www.suburbanchicagonews.com/sunpub/naper/
Iowa ,Oak Park Journal,http://www.oakparkjournal.com/
Iowa ,Olney Daily Mail,http://www.olneydailymail.com/
Iowa ,Oswego Ledger-Sentinel,http://www.ledgersentinel.com
Iowa ,Palos Heights Reporter,http://www.thereporter.com
Iowa ,Palos-Orland Regional News,http://www.theregionalnews.com/
Iowa ,Paris Beacon-News,http://www.parisbeacon.com
Iowa ,Pekin Daily Times,http://www.pekintimes.com/
Iowa ,Peoria Journal Star,http://www.pjstar.com
Iowa ,Pioneer Press Newspapers,http://www.pioneerlocal.com/
Iowa ,Plainsfield Fox Valley Press,http://www.copleynewspapers.com/sunpub/60504
Iowa ,Polish Suburban News,http://www.polishnews.com
Iowa ,Pontiac Daily Leader,http://www.pontiacdailyleader.com/
Iowa ,Princeton - Bureau County Republican,http://www.bcrnews.com/
Iowa ,Quincy Herald-Whig,http://www.whig.com
Iowa ,Ramsey News-Journal,http://www.ramseynewsjournal.com/
Iowa ,Robinson Daily News,http://www.robdailynews.com/
Iowa ,Rochelle News-Leader,http://www.rochellenews-leader.com/
Iowa ,Rock Island Argus,http://www.qconline.com/index.shtml
Iowa ,Rockford Register Star,http://www.rrstar.com/
Iowa ,Roseville Independent,http://www.eaglepublications.com/roseville.html
Iowa ,Salem Times Commoner,http://www.salem-tc.com/
Iowa ,Sparta News-Plaindealer,http://www.egyptian.net/~leftypen/plain.htm
Iowa ,Springfield Illinois Times,http://www.illinoistimes.com/
Iowa ,Springfield State Journal-Register,http://www.sj-r.com
Iowa ,Star Newspapers,http://www.starnewspapers.com/
Iowa ,Alexandria Times-Tribune,http://www.elwoodpublishing.com
Iowa ,Anderson Herald Bulletin,http://www.theheraldbulletin.com/
Iowa ,Angola Herald-Republican,http://www.kpcnews.com/herald_-_republican/
Iowa ,Attica Fountain County Neighbor,http://www.fountaincountyneighbor.com
Iowa ,Auburn Evening Star,http://www.kpcnews.com/
Iowa ,Aurora Journal-Press,http://www.journalpressonline.com
Iowa ,Avon Flyer,http://www.flyergroup.com/
Iowa ,Batesville Herald-Tribune,http://www.batesvilleheraldtribune.com/
Iowa ,Bedford Times-Mail,http://www.tmnews.com
Iowa ,Berne Tri-Weekly News,http://www.bernetriweekly.com
Iowa ,Bloomington Herald-Times,http://www.hoosiertimes.com
Iowa ,Bluffton News Banner,http://www.news-banner.com
Iowa ,Boonville Standard,http://www.warricknews.com/
Iowa ,Bourban News-Mirror,http://www.thepilotnews.com
Iowa ,Brazil Times,http://www.thebraziltimes.com
Iowa ,Brown County Democrat,http://www.browncountyindiana.com/main.asp?SectionID=1
Iowa ,Brownstown - Jackson County Banner,http://www.thebanner.com/
Iowa ,Chesterton Tribune,http://www.chestertontribune.com/
Iowa ,Cloverdale Hoosier Topics,http://www.countryconnect.com/htopics/htopics.html
Iowa ,Columbia City Post & Mail,http://www.thepostandmail.com/
Iowa ,Columbus Republic,http://www.therepublic.com/
Iowa ,Connersville News-Examiner,http://www.connersvillein.com/
Iowa ,Ackley World Journal,http://www.ackleyworldjournal.com/
Iowa ,Adel Dallas County News,http://www.adelnews.com/
Iowa ,Albia Union-Republican,http://www.albianews.com/
Iowa ,Ames Tribune,http://www.amestrib.com/
Iowa ,Ankeny Press Citizen,http://www.presscitizen-shopper.com/apps/pbcs.dll/frontpage
Iowa ,Belle Plaine Union,http://www.netins.net/showcase/bpunion/
Iowa ,Belmond Independent,http://www.belmondnews.com/
Iowa ,Bloomfield Democrat,http://www.bdemo.com/
Iowa ,Boone Today,http://www.boonetoday.com
Iowa ,Burlington Hawk Eye,http://www.thehawkeye.com/
Iowa ,Carroll Daily Times Herald,http://www.carrollspaper.com/
Iowa ,Cedar Rapids Gazette,http://www.gazetteonline.com/
Iowa ,Centerville Daily Iowegian,http://www.dailyiowegian.com/
Iowa ,Charles City Press,http://www.charlescitypress.com/
Iowa ,Cherokee Chronicle Times,http://www.chronicletimes.com/
Iowa ,Clear Lake Mirror Reporter,http://www.clreporter.com
Iowa ,Clinton Herald,http://www.clintonherald.com/
Iowa ,Cresco Times Plaindealer,http://www.crescotimes.com/
Iowa ,Creston News Advertiser,http://www.crestonnewsadvertiser.com/
Iowa ,Daily Nonpariel Online,http://www.nonpareilonline.com/
Iowa ,"Dallas County News, Inc",http://www.zwire.com/site/news.cfm?brd=2036
Iowa ,Davenport Leader,http://www.qconline.com/
Iowa ,Davenport Quad City Times,http://www.qctimes.com/
Iowa ,Des Moines Register,http://www.dmregister.com/
Iowa ,Des Moines Today,http://www.desmoines.com/
Iowa ,DeWitt Observer,http://www.dewittobserver.com/
Iowa ,Dubuque Telegraph Herald,http://www.thonline.com
Iowa ,Eldridge North Scott Press,http://www.zwire.com/site/news.cfm?brd=1839
Iowa ,Elgin Echo,http://www.zwire.com/site/news.cfm?brd=1896
Iowa ,Fairfield Daily Ledger,http://www.ffledger.com/
Iowa ,Fayette Leader,http://www.zwire.com/site/news.cfm?brd=1896
Iowa ,Forest City Summit,http://www.forestcitysummit.com/
Iowa ,Fort Dodge Messenger,http://www.messengernews.net/
Iowa ,Fort Madison Daily Democrat,http://www.dailydem.com/
Iowa ,Glenwoodnet,http://www.glenwoodnet.com/index.shtml
Iowa ,Harlan Tribune,http://www.zwire.com/site/news.cfm?brd=901
Iowa ,Humboldt Independent,http://www.humboldtnews.com/
Iowa ,Ida Grove Ida County Courier,http://www.idacountycourier.com/
Iowa ,Iowa City Daily Iowan,http://www.dailyiowan.com/
Iowa ,Iowa City Press-Citizen,http://www.press-citizen.com/
Iowa ,Iowa Falls Times-Citizen,http://www.timescitizen.com/
Iowa ,Iowa Farmer Today,http://www.iowafarmer.com/
Iowa ,Iowa State Daily,http://www.iowastatedaily.com/
Iowa ,Iowa State Daily,http://www.daily.iastate.edu/
Iowa ,Kalona News,http://www.citypapers.com/Kalona_IA/
Iowa ,Kalona News,http://www.zwire.com/site/news.cfm?brd=1140
Iowa ,Keokuk Daily Gate City,http://www.dailygate.com/
Iowa ,Keokuk Daily Gate City,http://www.dailygate.com/
Iowa ,Knightstown Farm Week,http://www.farmwk.com/
Iowa ,Knightstown Farm Week,http://www.farmwk.com/
Iowa ,Knoxville Journal Express,http://www.journalexpress.net/index.html
Iowa ,Knoxville Journal Express Online,http://www.journalexpress.net
Iowa ,LeMars Daily Sentinel,http://www.lemarssentinel.com/
Iowa ,Marshalltown Times-Republican,http://www.timesrepublican.com/
Iowa ,Mason City Globe Gazette,http://www.globegazette.com
Iowa ,Moline Dispatch,http://www.qconline.com/
Iowa ,Montecillo Express,http://www.monticelloexpress.com/
Iowa ,Mt. Pleasant News,http://www.mpnews.net
Iowa ,Muscatine Journal,http://www.muscatinejournal.com/
Iowa ,News in Carroll,http://www.newsincarroll.com/
Iowa ,Newton Daily News,http://www.newtondailynews.com
Iowa ,Oelwein Daily Register,http://www.oelweindailyregister.com/
Iowa ,Osceola Sentinel-Tribune,http://www.osceolaiowa.com
Iowa ,Oskaloosa Herald,http://www.oskaloosaherald.com/
Iowa ,Ottumwa Courier,http://www.ottumwacourier.com/
Iowa ,Pella Chronicle,http://www.pellachronicle.com
Iowa ,Quad-City Times,http://www.quadcitytimes.com
Iowa ,Rock Island Argus,http://www.qconline.com/
Iowa ,Sigourney News-Review,http://www.sigourneynewsreview.com
Iowa ,Sioux City Journal,http://www.siouxcityjournal.com
Iowa ,South Benton Star Press,http://showcase.netins.net/web/bpunion/Starpress.html
Iowa ,Spencer Daily Reporter,http://www.spencerdailyreporter.com
Iowa ,Storm Lake Pilot-Tribune,http://www.zwire.com/news/newslist.cfm?brd=1304
Iowa ,Storm Lake Times,http://www.stormlake.com/
Iowa ,The Ogden Reporter,http://www.ogdenreporter.com/
Iowa ,University of Iowa Daily Iowan,http://www.dailyiowan.com/
Iowa ,Villisca Review.com,http://www.villiscareview.com/
Iowa ,Washington Evening Journal,http://www.washjrnl.com/
Iowa ,Waterloo Cedar Falls Courier,http://www.wcfcourier.com
Iowa ,Waukon Standard,http://www.waukonstandard.com/
Iowa ,West Liberty Index,http://www.zwire.com/site/news.cfm?brd=1105
Iowa ,Winterset Madisonian,http://www.wintersetmadisonian.com/cgi-bin/madisonian.cgi
